\begin{table}[htbp]
\caption{Ground Metric Matrices (M1--M5)}
\label{tab:ground-metrics}

% M1_trivial
\begin{equation}
D_{M1_trivial} = \begin{pmatrix}0.00 & 1.00 & 1.00 & 1.00 & 1.00 & 1.00 & 1.00 \\ 1.00 & 0.00 & 1.00 & 1.00 & 1.00 & 1.00 & 1.00 \\ 1.00 & 1.00 & 0.00 & 1.00 & 1.00 & 1.00 & 1.00 \\ 1.00 & 1.00 & 1.00 & 0.00 & 1.00 & 1.00 & 1.00 \\ 1.00 & 1.00 & 1.00 & 1.00 & 0.00 & 1.00 & 1.00 \\ 1.00 & 1.00 & 1.00 & 1.00 & 1.00 & 0.00 & 1.00 \\ 1.00 & 1.00 & 1.00 & 1.00 & 1.00 & 1.00 & 0.00\end{pmatrix}
\end{equation}

% M2_graph
\begin{equation}
D_{M2_graph} = \begin{pmatrix}0.00 & 0.25 & 0.50 & 0.75 & 0.75 & 0.75 & 1.00 \\ 0.25 & 0.00 & 0.25 & 0.50 & 0.50 & 0.50 & 0.75 \\ 0.50 & 0.25 & 0.00 & 0.25 & 0.25 & 0.25 & 0.50 \\ 0.75 & 0.50 & 0.25 & 0.00 & 0.50 & 0.50 & 0.75 \\ 0.75 & 0.50 & 0.25 & 0.50 & 0.00 & 0.50 & 0.75 \\ 0.75 & 0.50 & 0.25 & 0.50 & 0.50 & 0.00 & 0.25 \\ 1.00 & 0.75 & 0.50 & 0.75 & 0.75 & 0.25 & 0.00\end{pmatrix}
\end{equation}

% M3_weighted
\begin{equation}
D_{M3_weighted} = \begin{pmatrix}0.00 & 0.13 & 0.22 & 0.43 & 0.47 & 0.72 & 0.97 \\ 0.13 & 0.00 & 0.08 & 0.30 & 0.33 & 0.58 & 0.83 \\ 0.22 & 0.08 & 0.00 & 0.22 & 0.25 & 0.50 & 0.75 \\ 0.43 & 0.30 & 0.22 & 0.00 & 0.47 & 0.72 & 0.97 \\ 0.47 & 0.33 & 0.25 & 0.47 & 0.00 & 0.75 & 1.00 \\ 0.72 & 0.58 & 0.50 & 0.72 & 0.75 & 0.00 & 0.25 \\ 0.97 & 0.83 & 0.75 & 0.97 & 1.00 & 0.25 & 0.00\end{pmatrix}
\end{equation}

% M4_2d
\begin{equation}
D_{M4_2d} = \begin{pmatrix}0.00 & 0.24 & 0.33 & 0.53 & 0.47 & 0.67 & 1.00 \\ 0.24 & 0.00 & 0.24 & 0.33 & 0.53 & 0.53 & 0.85 \\ 0.33 & 0.24 & 0.00 & 0.24 & 0.33 & 0.33 & 0.67 \\ 0.53 & 0.33 & 0.24 & 0.00 & 0.53 & 0.24 & 0.53 \\ 0.47 & 0.53 & 0.33 & 0.53 & 0.00 & 0.47 & 0.75 \\ 0.67 & 0.53 & 0.33 & 0.24 & 0.47 & 0.00 & 0.33 \\ 1.00 & 0.85 & 0.67 & 0.53 & 0.75 & 0.33 & 0.00\end{pmatrix}
\end{equation}

% M5_linear
\begin{equation}
D_{M5_linear} = \begin{pmatrix}0.00 & 0.17 & 0.33 & 0.50 & 0.67 & 0.83 & 1.00 \\ 0.17 & 0.00 & 0.17 & 0.33 & 0.50 & 0.67 & 0.83 \\ 0.33 & 0.17 & 0.00 & 0.17 & 0.33 & 0.50 & 0.67 \\ 0.50 & 0.33 & 0.17 & 0.00 & 0.17 & 0.33 & 0.50 \\ 0.67 & 0.50 & 0.33 & 0.17 & 0.00 & 0.17 & 0.33 \\ 0.83 & 0.67 & 0.50 & 0.33 & 0.17 & 0.00 & 0.17 \\ 1.00 & 0.83 & 0.67 & 0.50 & 0.33 & 0.17 & 0.00\end{pmatrix}
\end{equation}
\end{table}